0 39816
1 284
2 253
3 165
4 198
5 213
6 87
7 71
8 71
9 71
10 141
11 141
12 141
13 141
14 141
15 91
16 351
17 341
18 71
19 71
20 56
21 91
22 81
23 81
24 82
25 58
26 58
27 58
28 73
29 73
30 73
31 118
32 118
33 143
34 210
35 245
36 112
37 112
38 107
39 103
40 147
41 255
42 147
43 147
44 147
45 147
46 200
47 200
48 147
49 255
50 139
51 155
52 285
53 210
54 180
55 260
56 165
57 145
58 145
59 145
60 201
61 195
62 92
63 77
64 345
65 480
66 40
67 23
68 23
69 13
70 13
71 13
72 13
73 13
74 13
75 13
76 13
77 13
78 13
79 13
80 13
81 13
82 13
83 13
84 13
85 13
86 13
87 13
88 13
89 13
90 13
91 13
92 13
93 13
94 13
95 13
96 13
97 13
98 13
99 13
100 13
101 13
102 13
103 13
104 13
105 13
106 13
107 13
108 13
109 13
110 13
111 13
112 13
113 13
114 13
115 13
116 13
117 13
118 13
119 13
120 13
121 13
122 13
123 13
124 13
125 13
126 13
127 13
128 13
129 13
130 13
131 13
132 13
133 13
134 13
135 13
136 13
137 13
138 13
139 13
140 13
141 13
142 13
143 13
144 13
145 13
146 13
147 13
148 13
149 13
150 13
151 13
152 13
153 13
154 13
155 13
156 13
157 13
158 13
159 13
160 13
161 13
162 13
163 13
164 13
165 13
166 13
167 13
168 13
169 13
170 13
171 13
172 13
173 13
174 13
175 13
176 13
177 13
178 13
179 13
180 13
181 13
182 13
183 13
184 13
185 13
186 13
187 13
188 13
189 13
190 13
191 13
192 13
193 13
194 13
195 13
196 13
197 13
198 13
199 13
200 13
201 13
202 13
203 13
204 13
205 13
206 13
207 13
208 13
209 13
210 13
211 13
212 13
213 13
214 13
215 13
216 13
217 13
218 13
219 13
220 13
221 13
222 13
223 13
224 13
225 13
226 13
227 13
228 13
229 13
230 13
231 13
232 13
233 13
234 13
235 13
236 13
237 13
238 13
239 13
240 13
241 13
242 13
243 13
244 13
245 13
246 13
247 13
248 13
249 13
250 13
251 13
252 13
253 13
254 13
255 13
256 13
257 13
258 13
259 13
260 13
261 13
262 13
263 13
264 13
265 13
266 13
267 13
268 13
269 13
270 13
271 15
272 15
273 15
274 15
275 15
276 15
277 15
278 15
279 15
280 15
281 15
282 15
283 15
284 15
285 15
286 15
287 15
288 15
289 15
290 15
291 15
292 15
293 15
294 15
295 15
296 15
297 15
298 15
299 15
300 15
301 21
302 15
303 15
304 15
305 15
306 15
307 15
308 15
309 15
310 15
311 15
312 15
313 15
314 15
315 15
316 32
317 15
318 15
319 15
320 15
321 15
322 15
323 15
324 13
325 13
326 13
327 13
328 13
329 13
330 13
331 13
332 13
333 13
334 13
335 13
336 13
337 13
338 13
339 80
340 80
341 80
342 40
343 80
344 80
345 80
346 80
347 80
348 14
349 12
350 12
351 12
352 12
353 12
354 12
355 12
356 11
357 11
358 11
359 11
360 11
361 11
362 11
363 11
364 11
365 11
366 11
367 11
368 11
369 11
370 11
371 11
372 11
373 11
374 11
375 11
376 11
377 11
378 11
379 11
380 11
381 11
382 11
383 11
384 11
385 11
386 11
387 11
388 11
389 11
390 11
391 11
392 11
393 11
394 11
395 11
396 11
397 11
398 11
399 11
400 15
401 15
402 21
403 21
404 21
405 21
406 21
407 21
408 21
409 21
410 21
411 21
412 21
413 21
414 21
415 21
416 21
417 21
418 21
419 20
420 20
421 20
422 20
423 20
424 20
425 20
426 11
427 15
428 16
429 22
430 22
431 22
432 22
433 22
434 22
435 22
436 22
437 22
438 22
439 22
440 22
441 22
442 22
443 22
444 22
445 22
446 22
447 22
448 22
449 22
450 22
451 22
452 22
453 22
454 22
455 22
456 22
457 22
458 22
459 22
460 22
461 22
462 22
463 22
464 22
465 22
466 22
467 22
468 22
469 22
470 22
471 22
472 22
473 22
474 22
475 22
476 22
477 59
478 60
479 60
480 60
481 90
482 90
483 90
484 89
485 89
486 89
487 89
488 89
489 89
490 89
491 89
492 89
493 89
494 89
495 89
496 60
497 220
498 220
499 217
500 215
501 215
502 215
503 215
504 215
505 215
506 215
507 215
508 215
509 215
510 215
511 215
512 74
513 74
514 74
515 75
516 75
517 75
518 75
519 75
520 75
521 75
522 75
523 75
524 75
525 75
526 75
527 75
528 75
529 75
530 75
531 75
532 35
533 35
534 35
535 35
536 33
537 32
538 32
539 32
540 32
541 32
542 32
543 32
544 32
545 32
546 32
547 32
548 32
549 32
550 32
551 32
552 32
553 32
554 32
555 32
556 32
557 32
558 32
559 32
560 32
561 32
562 32
563 32
564 32
565 32
566 32
567 20
568 20
569 20
570 20
571 20
572 20
573 20
574 20
575 20
576 20
577 20
578 20
579 20
580 20
581 20
582 20
583 20
584 20
585 20
586 20
587 20
588 20
589 20
590 20
591 20
592 20
593 20
594 20
595 20
596 20
597 20
598 20
599 20
600 20
601 40
602 20
603 30
604 30
605 30
606 30
607 30
608 30
609 30
610 31
611 28
612 28
613 28
614 28
615 28
616 17
617 17
618 17
619 17
620 17
621 17
622 17
623 17
624 17
625 17
626 17
627 17
628 17
629 17
630 17
631 17
632 17
633 17
634 17
635 17
636 17
637 17
638 17
639 34
640 17
641 17
642 17
643 17
644 17
645 17
646 17
647 17
648 17
649 17
650 17
651 17
652 17
653 17
654 17
655 17
656 17
657 17
658 17
659 17
660 17
661 17
662 17
663 17
664 17
665 17
666 17
667 17
668 17
669 17
670 17
671 17
672 17
673 17
674 17
675 17
676 17
677 17
678 17
679 17
680 17
681 17
682 17
683 17
684 34
685 17
686 17
687 17
688 34
689 17
690 17
691 17
692 17
693 17
694 17
695 17
696 17
697 17
698 17
699 17
700 17
701 17
702 17
703 17
704 17
705 17
706 17
707 17
708 18
709 17
710 17
711 17
712 17
713 17
714 17
715 17
716 17
717 17
718 17
719 17
720 17
721 17
722 17
723 17
724 17
725 17
726 17
727 17
728 17
729 17
730 17
731 17
732 17
733 17
734 17
735 17
736 17
737 17
738 17
739 17
740 17
741 17
742 17
743 17
744 17
745 17
746 17
747 17
748 17
749 17
750 17
751 17
752 17
753 12
754 12
755 12
756 12
757 12
758 12
759 12
760 12
761 12
762 12
763 12
764 12
765 12
766 12
767 12
768 219
769 219
770 219
771 80
772 80
773 80
774 80
775 80
776 80
777 80
778 80
779 80
780 80
781 80
782 226
783 226
784 227
785 227
786 227
787 84
788 84
789 85
790 85
791 85
792 85
793 85
794 85
795 85
796 84
797 84
798 84
799 84
800 84
801 84
802 84
803 84
804 84
805 84
806 84
807 84
808 84
809 84
810 84
811 84
812 84
813 84
814 84
815 84
816 84
817 84
818 84
819 84
820 84
821 84
822 84
823 84
824 100
825 100
826 100
827 200
828 260
829 100
830 100
831 100
832 500
833 500
834 100
835 800
836 1000
837 550
838 250
839 500
840 10
841 10
842 10
843 10
844 10
845 10
846 10
847 10
848 10
849 10
850 10
851 10
852 10
853 10
854 10
855 10
856 10
857 10
858 10
859 10
860 10
861 10
862 10
863 10
864 10
865 10
866 10
867 10
868 10
869 10
870 10
871 10
872 10
873 10
874 10
875 10
876 10
877 10
878 10
879 10
880 10
881 10
882 10
883 10
