6 86 120
1 174 1232
16 350 120
50 64 120
2 115 850
3 90 537
51 80 120
4 115 788
5 90 479
52 160 120
7 70 60
8 70 105
53 160 120
9 70 60
10 140 240
54 160 120
11 140 282
12 140 240
13 140 509
14 140 1128
15 90 592
17 340 3600
18 70 125
19 70 21
20 55 74
21 90 753
22 80 145
23 80 0
24 80 332
25 55 34
26 55 92
27 55 0
28 70 58
29 70 106
30 70 0
31 115 0
32 115 642
33 140 856
34 140 1081
35 125 50
36 72 50
37 72 50
38 72 50
39 72 50
40 72 50
41 125 50
42 72 20
43 72 100
44 72 100
45 72 100
46 125 100
47 125 100
48 72 50
49 125 50
55 240 120
56 120 120
57 100 120
58 100 120
59 100 120
60 156 120
61 150 120
62 32 120
63 32 120
64 340 120
65 450 120
66 10 30
67 10 30
68 10 30
