1 40.948413 -73.780721 middle
2 40.910044 -73.798555 primary
3 40.918268 -73.798032 primary
4 40.973972 -73.785149 primary
5 40.932665 -73.773371 daycare
6 40.924352 -73.788585 college
7 40.965715 -73.787844 daycare
8 40.965715 -73.787844 primary
9 40.965715 -73.787844 middle
10 40.963727 -73.793215 daycare
11 40.963727 -73.793215 primary
12 40.963727 -73.793215 middle
13 40.963727 -73.793215 high
14 40.902364 -73.778153 middle
15 40.897289 -73.790294 primary
16 40.911938 -73.776361 college
17 40.929742 -73.794612 high
18 40.924213 -73.791494 primary
19 40.924213 -73.791494 middle
20 40.894181 -73.789759 daycare
21 40.91684 -73.768381 high
22 40.906909 -73.784088 primary
23 40.906909 -73.784088 middle
24 40.906909 -73.784088 high
25 40.918466 -73.79772 daycare
26 40.918466 -73.79772 primary
27 40.918466 -73.79772 middle
28 40.954113 -73.783292 daycare
29 40.954113 -73.783292 primary
30 40.954113 -73.783292 middle
31 40.949076 -73.797313 middle
32 40.949076 -73.797313 high
33 40.903001 -73.774209 primary
34 40.955691 -73.783837 primary
35 40.927529 -73.793296 daycare
36 40.944417 -73.795559 daycare
37 40.909514 -73.780025 daycare
38 40.916343 -73.793273 daycare
39 40.910844 -73.788063 daycare
40 40.920685 -73.793291 daycare
41 40.932761 -73.773337 daycare
42 40.965502 -73.78039 daycare
43 40.954496 -73.796209 daycare
44 40.916165 -73.792763 daycare
45 40.943004 -73.795168 daycare
46 40.917268 -73.79004 daycare
47 40.930416 -73.784714 daycare
48 40.931144 -73.794002 daycare
49 40.940767 -73.794643 daycare
50 40.923438 -73.78928 college
51 40.925832 -73.78655 college
52 40.926165 -73.787334 college
53 40.926258 -73.787756 college
54 40.925624 -73.787014 college
55 40.926628 -73.787214 college
56 40.900666 -73.78218 college
57 40.900922 -73.781939 college
58 40.901145 -73.781767 college
59 40.899478 -73.781059 college
60 40.901456 -73.782102 college
61 40.900951 -73.780464 college
62 40.927378 -73.784355 college
63 40.924471 -73.787577 college
64 40.92578 -73.7992 college
65 40.924282 -73.797666 college
66 40.923932 -73.790234 daycare
67 40.919266 -73.794384 daycare
68 40.920374 -73.79145 daycare