1 40.894162 -73.789744
2 40.894722 -73.779156
3 40.905115 -73.79072
4 40.928862 -73.783676
5 40.897888 -73.766866
6 40.958198 -73.781621
7 40.913918 -73.773647
8 40.890846 -73.782248
9 40.896689 -73.793072
10 40.911366 -73.799703
11 40.899831 -73.781306
12 40.943504 -73.797065
13 40.935329 -73.806833
14 40.928882 -73.773259
15 40.924929 -73.788023
16 40.9187 -73.773814
17 40.887169 -73.782266
18 40.89664 -73.771495
19 40.902835 -73.773447
20 40.907179 -73.773281
21 40.90783 -73.769263
22 40.902602 -73.795788
23 40.916414 -73.789466
24 40.964066 -73.78042
25 40.927946 -73.790052
26 40.977542 -73.778801
27 40.949959 -73.773118
28 40.935052 -73.790933
29 40.948713 -73.778808
30 40.926884 -73.785532
31 40.929697 -73.772256
32 40.938286 -73.79066
33 40.924098 -73.776094
34 40.914576 -73.78614
35 40.903656 -73.782366
36 40.946953 -73.795552
37 40.899493 -73.78714
38 40.91311 -73.79091
39 40.909354 -73.78192
40 40.909443 -73.781155
41 40.921084 -73.78881
42 40.925872 -73.80464
43 40.912636 -73.789955
44 40.948263 -73.792664
45 40.910137 -73.779997
46 40.948341 -73.792378
47 40.948226 -73.792792
48 40.916659 -73.784378
49 40.924379 -73.791593
50 40.912082 -73.78941
51 40.898301 -73.781255
52 40.936526 -73.782294
53 40.912032 -73.786946
54 40.948736 -73.792385
55 40.913517 -73.781407
56 40.90815 -73.772223
57 40.911718 -73.780401
58 40.911075 -73.780885
59 40.907307 -73.784232
60 40.929298 -73.767305
61 40.980705 -73.776456
62 40.921198 -73.787202
63 40.909106 -73.771118
64 40.983686 -73.787208
65 40.948051 -73.793494
66 40.911237 -73.778515
67 40.981774 -73.776626
68 40.947019 -73.795547
69 40.984533 -73.777602
70 40.980293 -73.776627
71 40.914796 -73.772764
72 40.906818 -73.78319
73 40.947598 -73.794343
74 40.908964 -73.795428
75 40.909522 -73.794949
76 40.909417 -73.794058
77 40.908723 -73.78805
78 40.910596 -73.781706
79 40.910597 -73.782457
80 40.90867 -73.783054
81 40.908924 -73.782603
82 40.902787 -73.789828
83 40.906615 -73.784694
84 40.906507 -73.784774
85 40.909182 -73.783997
86 40.908546 -73.783279
87 40.906526 -73.773902
88 40.946451 -73.795318
89 40.945738 -73.795087
90 40.904233 -73.788491
91 40.910631 -73.780994
92 40.9073 -73.782611
93 40.927265 -73.789467
94 40.918687 -73.777273
95 40.915366 -73.771719
96 40.914754 -73.78492
97 40.911312 -73.780138
98 40.985085 -73.777172
99 40.980541 -73.77657
100 40.948822 -73.792245
101 40.927325 -73.789516
102 40.923627 -73.787942
103 40.918066 -73.786431
104 40.914352 -73.773566
105 40.91494 -73.784621
106 40.910608 -73.78173
107 40.904429 -73.788315
108 40.909424 -73.795075
109 40.911641 -73.777462
110 40.907448 -73.779274
111 40.907115 -73.784627
112 40.903603 -73.78913
113 40.947308 -73.79411
114 40.917668 -73.787975
115 40.922428 -73.787848
116 40.921868 -73.787838
117 40.915537 -73.785139
118 40.915116 -73.785062
119 40.914697 -73.78491
120 40.898434 -73.790625
121 40.89594 -73.778747
122 40.902263 -73.790637
123 40.902092 -73.789081
124 40.902088 -73.789103
125 40.907091 -73.780646
126 40.909403 -73.78061
127 40.907929 -73.779456
128 40.903353 -73.789417
129 40.898868 -73.798946
130 40.911254 -73.796658
131 40.910046 -73.795922
132 40.909521 -73.79455
133 40.914193 -73.794383
134 40.914307 -73.793871
135 40.909685 -73.790401
136 40.924574 -73.787794
137 40.925588 -73.788855
138 40.911175 -73.780797
139 40.8972 -73.777665
140 40.900894 -73.792978
141 40.910343 -73.779037
142 40.925329 -73.788671
143 40.912827 -73.775735
144 40.912972 -73.776599
145 40.910874 -73.780086
146 40.913607 -73.773704
147 40.914423 -73.773272
148 40.909948 -73.788889
149 40.914605 -73.784472
150 40.907541 -73.784306
151 40.915342 -73.771781
152 40.948796 -73.792295
153 40.946712 -73.794496
154 40.914927 -73.772354
155 40.914257 -73.79382
156 40.910169 -73.793342
157 40.908835 -73.783607
158 40.895967 -73.778685
159 40.898774 -73.777926
160 40.906898 -73.783336
161 40.908928 -73.784332
162 40.908682 -73.783486
163 40.948643 -73.792554
164 40.926861 -73.789492
165 40.915494 -73.771465
166 40.915777 -73.770801
167 40.919327 -73.766552
168 40.915363 -73.771649
169 40.916259 -73.785371
170 40.910321 -73.780992
171 40.984595 -73.777632
172 40.946057 -73.795203
173 40.907286 -73.784417
174 40.918929 -73.786846
175 40.908935 -73.781289
176 40.94679 -73.795593
177 40.899047 -73.798466
178 40.926093 -73.7891
179 40.914304 -73.784111
180 40.946916 -73.795466
181 40.915259 -73.78511
182 40.909335 -73.781206
183 40.909089 -73.781575
184 40.901544 -73.78874
185 40.90619 -73.784906
186 40.908273 -73.781826
187 40.908535 -73.784483
188 40.907678 -73.78383
189 40.907774 -73.784097
190 40.905107 -73.787567
191 40.907222 -73.784471
192 40.903145 -73.789765
193 40.909038 -73.795888
194 40.908934 -73.795868
195 40.90933 -73.794171
196 40.9229 -73.787535
197 40.908116 -73.779603
198 40.908359 -73.783083
199 40.907168 -73.784538
200 40.90689 -73.785005
201 40.947734 -73.794375
202 40.94701 -73.79554
203 40.945743 -73.795896
204 40.923292 -73.787965
205 40.921426 -73.788118
206 40.920688 -73.787288
207 40.915109 -73.772105
208 40.914391 -73.773675
209 40.914561 -73.784385
210 40.908534 -73.779434
211 40.905284 -73.774659
212 40.91055 -73.781112
213 40.909331 -73.781293
214 40.897131 -73.777773
215 40.901805 -73.790967
216 40.900093 -73.787009
217 40.906019 -73.785574
218 40.906734 -73.785175
219 40.909561 -73.798323
220 40.984547 -73.777838
221 40.927356 -73.789658
222 40.911111 -73.781066
223 40.925709 -73.788873
224 40.922985 -73.788014
225 40.922904 -73.788083
226 40.922541 -73.788309
227 40.920932 -73.787578
228 40.920604 -73.787226
229 40.920356 -73.787224
230 40.914317 -73.77379
231 40.912275 -73.781783
232 40.911153 -73.780271
233 40.911043 -73.781051
234 40.888744 -73.789697
235 40.91073 -73.77818
236 40.910738 -73.782389
237 40.909159 -73.781644
238 40.908599 -73.782307
239 40.908827 -73.782703
240 40.896173 -73.778468
241 40.8987 -73.777921
242 40.905605 -73.786124
243 40.907907 -73.782241
244 40.914404 -73.794386
245 40.910115 -73.790056
246 40.910118 -73.789828
247 40.909644 -73.791167
248 40.909892 -73.789018
249 40.910478 -73.781061
250 40.926901 -73.789375
251 40.984299 -73.777016
252 40.908353 -73.782675
253 40.94887 -73.792183
254 40.914393 -73.773627
255 40.905708 -73.774299
256 40.91583 -73.784834
257 40.911031 -73.781594
258 40.92356 -73.787915
259 40.91504 -73.772314
260 40.907374 -73.784171
261 40.896291 -73.778307
262 40.981429 -73.776478
263 40.947238 -73.794127
264 40.915112 -73.772025
265 40.90733 -73.779184
266 40.908747 -73.782453
267 40.921334 -73.788007
268 40.984343 -73.777544
269 40.923066 -73.788003
270 40.914208 -73.78411
271 40.900549 -73.781022
272 40.981489 -73.77662
273 40.904145 -73.787856
274 40.94688 -73.795497
275 40.946182 -73.795235
276 40.911448 -73.7871
277 40.908299 -73.782167
278 40.914631 -73.782718
279 40.905964 -73.789532
280 40.909463 -73.779987
281 40.919819 -73.787033
282 40.887217 -73.779456
283 40.912738 -73.783124
284 40.907764 -73.779257
285 40.910477 -73.782066
286 40.911939 -73.779494
287 40.914411 -73.777012
288 40.927801 -73.774244
289 40.909854 -73.780348
290 40.908942 -73.791651
291 40.9171 -73.756205
292 40.910853 -73.796551
293 40.902696 -73.789958
294 40.903289 -73.78947
295 40.922843 -73.787735
296 40.92215 -73.787863
297 40.911112 -73.779414
298 40.894659 -73.774209
299 40.88919 -73.784662
300 40.894728 -73.776097
301 40.91569 -73.788865
302 40.926546 -73.784922
303 40.907735 -73.782421
304 40.916288 -73.784648
305 40.985183 -73.776664
306 40.981764 -73.776482
307 40.925815 -73.788899
308 40.921795 -73.788216
309 40.928096 -73.771761
310 40.913332 -73.786126
311 40.910858 -73.779204
312 40.947032 -73.794203
313 40.908434 -73.782782
314 40.946984 -73.794242
315 40.916277 -73.770134
316 40.920547 -73.788365
317 40.906086 -73.78524
318 40.907968 -73.782278
319 40.904971 -73.787698
320 40.94629 -73.79508
321 40.909727 -73.780995
322 40.900354 -73.79382
323 40.917756 -73.776937
324 40.908985 -73.78423
325 40.908608 -73.783338
326 40.917519 -73.786216
327 40.98081 -73.776589
328 40.94675 -73.794459
329 40.923749 -73.787978
330 40.918122 -73.767723
331 40.914411 -73.784093
332 40.902455 -73.79144
333 40.947441 -73.795372
334 40.984501 -73.776905
335 40.926714 -73.789322
336 40.926409 -73.786381
337 40.921938 -73.773674
338 40.945836 -73.795834
339 40.983029 -73.778169
340 40.934848 -73.791491
341 40.899938 -73.790808
342 40.943599 -73.793034
343 40.908001 -73.785711
344 40.934536 -73.791091
345 40.914562 -73.794574
346 40.931499 -73.793179
347 40.972727 -73.777141
348 40.922815 -73.788113
349 40.918178 -73.786366
350 40.915059 -73.772227
351 40.914333 -73.784251
352 40.91289 -73.783185
353 40.907573 -73.782472
354 40.907617 -73.784283
355 40.914585 -73.794633
356 40.910156 -73.789535
357 40.984669 -73.777698
358 40.947515 -73.794306
359 40.946776 -73.7944
360 40.947234 -73.795314
361 40.946634 -73.795411
362 40.985104 -73.776814
363 40.946833 -73.794446
364 40.981234 -73.77654
365 40.980638 -73.776496
366 40.946479 -73.795094
367 40.917509 -73.788672
368 40.921913 -73.788249
369 40.915534 -73.771573
370 40.915404 -73.771647
371 40.914784 -73.772682
372 40.914579 -73.772748
373 40.916675 -73.769736
374 40.915443 -73.785346
375 40.915365 -73.78517
376 40.910254 -73.780902
377 40.909957 -73.78034
378 40.910352 -73.782442
379 40.90889 -73.781824
380 40.908518 -73.782871
381 40.908562 -73.782411
382 40.897071 -73.777792
383 40.89891 -73.777819
384 40.900997 -73.788205
385 40.906139 -73.785501
386 40.906146 -73.777922
387 40.907359 -73.778881
388 40.906392 -73.785068
389 40.906838 -73.781725
390 40.909057 -73.781063
391 40.908215 -73.784511
392 40.908425 -73.783153
393 40.907458 -73.784231
394 40.904763 -73.787995
395 40.909492 -73.794736
396 40.914998 -73.794853
397 40.914684 -73.794703
398 40.914482 -73.793798
399 40.910276 -73.789162
400 40.922738 -73.787759
401 40.917915 -73.767917
402 40.910584 -73.796726
403 40.929144 -73.770532
404 40.920839 -73.787365
405 40.91498 -73.772348
406 40.905465 -73.783184
407 40.918697 -73.788073
408 40.921987 -73.788319
409 40.91436 -73.773398
410 40.914897 -73.784594
411 40.889328 -73.789154
412 40.898859 -73.777898
413 40.90817 -73.782247
414 40.902899 -73.790675
415 40.909377 -73.795563
416 40.909408 -73.793631
417 40.90697 -73.780548
418 40.914797 -73.77257
419 40.98048 -73.776521
420 40.898631 -73.777952
421 40.946623 -73.79529
422 40.906189 -73.789771
423 40.908018 -73.789877
424 40.946623 -73.795163
425 40.906732 -73.779694
426 40.967071 -73.789146
427 40.903952 -73.796923
428 40.915453 -73.788605
429 40.954156 -73.797837
430 40.91881 -73.796635
431 40.917358 -73.791571
432 40.920157 -73.787152
433 40.918203 -73.786448
434 40.929371 -73.76958
435 40.930092 -73.767486
436 40.91994 -73.780755
437 40.918454 -73.77198
438 40.914362 -73.784951
439 40.913834 -73.786496
440 40.909383 -73.780092
441 40.909198 -73.779711
442 40.90736 -73.777976
443 40.906219 -73.785349
444 40.907052 -73.779471
445 40.908742 -73.781369
446 40.907042 -73.785793
447 40.903238 -73.789628
448 40.90949 -73.797519
449 40.916538 -73.790709
450 40.915329 -73.794034
451 40.909903 -73.791768
452 40.911501 -73.78652
453 40.908298 -73.789866
454 40.932086 -73.781262
455 40.927087 -73.794092
456 40.921953 -73.799697
457 40.916816 -73.794505
458 40.91738 -73.789354
459 40.917915 -73.786935
460 40.918526 -73.785585
461 40.917323 -73.785844
462 40.909447 -73.784528
463 40.904844 -73.785097
464 40.905998 -73.783304
465 40.923964 -73.791126
466 40.914065 -73.785989
467 40.972664 -73.775746
468 40.893927 -73.787212
469 40.918306 -73.786416
470 40.943913 -73.795466
471 40.915514 -73.767081
472 40.975174 -73.775434
473 40.972756 -73.774885
474 40.964378 -73.782255
475 40.941282 -73.793826
476 40.905352 -73.776841
477 40.946792 -73.797018
478 40.92974 -73.767253
479 40.927153 -73.770898
480 40.927114 -73.779769
481 40.913781 -73.78984
482 40.920205 -73.785772
483 40.919037 -73.786097
484 40.916433 -73.785819
485 40.913086 -73.779092
486 40.971277 -73.776439
487 40.912647 -73.778758
488 40.898235 -73.786262
489 40.909317 -73.791619
490 40.927065 -73.789458
491 40.91421 -73.768974
492 40.908848 -73.784254
493 40.911683 -73.782878
494 40.922241 -73.787775
495 40.916469 -73.785553
496 40.914866 -73.781969
497 40.903235 -73.791134
498 40.906825 -73.788176
499 40.920184 -73.788155
500 40.930536 -73.767864
501 40.926667 -73.772579
502 40.916993 -73.760896
503 40.902297 -73.792054
504 40.904974 -73.792598
505 40.929165 -73.76755
506 40.909805 -73.795126
507 40.904285 -73.788412
508 40.903928 -73.790147
509 40.907656 -73.789929
510 40.920636 -73.775462
511 40.906372 -73.795368
512 40.901124 -73.787792
513 40.905041 -73.78925
514 40.89855 -73.791584
515 40.919379 -73.788574
516 40.928812 -73.771336
517 40.907351 -73.785638
518 40.906271 -73.793624
519 40.919843 -73.788
520 40.916804 -73.780359
521 40.908307 -73.786135
522 40.926614 -73.771954
523 40.914028 -73.776796
524 40.927821 -73.771234
525 40.930024 -73.767637
526 40.92996 -73.769323
527 40.92888 -73.769976
528 40.910857 -73.781953
529 40.909489 -73.791647
530 40.92652 -73.773053
531 40.903957 -73.788716
532 40.921127 -73.788406
533 40.921574 -73.788423
534 40.920355 -73.787665
535 40.928994 -73.770953
536 40.928895 -73.769572
537 40.928527 -73.769671
538 40.927229 -73.772142
539 40.926848 -73.773155
540 40.912658 -73.774804
541 40.91262 -73.775113
542 40.899486 -73.794356
543 40.907645 -73.778684
544 40.903763 -73.789044
545 40.910281 -73.796226
546 40.928597 -73.76887
547 40.928467 -73.770115
548 40.925901 -73.772074
549 40.917316 -73.785383
550 40.908651 -73.772078
551 40.893685 -73.782024
552 40.907311 -73.792455
553 40.904826 -73.788027
554 40.923361 -73.772777
555 40.981546 -73.776464
556 40.914477 -73.77308
557 40.908628 -73.785779
558 40.90631 -73.789353
559 40.909981 -73.790739
560 40.910169 -73.793342
561 40.910276 -73.792427
562 40.9244 -73.802541
563 40.935973 -73.797379
564 40.920981 -73.775278
565 40.911876 -73.77459
566 40.913848 -73.781084
567 40.907556 -73.793925
568 40.928299 -73.772585
569 40.90936 -73.795456
570 40.896262 -73.794481
571 40.909229 -73.780779
572 40.985049 -73.777677
573 40.985274 -73.77762
574 40.947175 -73.794114
575 40.916803 -73.778658
576 40.91377 -73.784276
577 40.911327 -73.778226
578 40.90517 -73.774879
579 40.910034 -73.780185
580 40.902397 -73.790198
581 40.907905 -73.782692
582 40.908464 -73.781974
583 40.908159 -73.78245
584 40.910166 -73.796992
585 40.910468 -73.796325
586 40.909872 -73.796216
587 40.909156 -73.795344
588 40.909413 -73.79512
589 40.909711 -73.791054
590 40.907479 -73.774873
591 40.921818 -73.774194
592 40.974376 -73.775376
593 40.958705 -73.772963
594 40.908591 -73.785239
595 40.912499 -73.783671
596 40.895399 -73.779054
597 40.905718 -73.786159
598 40.907647 -73.78235
599 40.904924 -73.788227
600 40.91818 -73.785804
601 40.921232 -73.78806
602 40.909197 -73.794785
603 40.984215 -73.777575
604 40.91328 -73.775265
605 40.910164 -73.781354
606 40.900891 -73.791849
607 40.945946 -73.796271
608 40.923256 -73.787414
609 40.980441 -73.776539
610 40.94767 -73.795358
611 40.916862 -73.779154
612 40.914893 -73.785043
613 40.907872 -73.783348
614 40.902728 -73.790335
615 40.913246 -73.789436
616 40.928872 -73.77173
617 40.916662 -73.786653
618 40.911226 -73.781415
619 40.888464 -73.789413
620 40.902591 -73.790685
621 40.899345 -73.798131
622 40.90598 -73.792665
623 40.907844 -73.794989
624 40.911478 -73.792031
625 40.908625 -73.793985
626 40.908627 -73.793958
627 40.902002 -73.790857
628 40.90783 -73.78358
629 40.907677 -73.785531
630 40.907815 -73.786299
631 40.903379 -73.790024
632 40.902432 -73.791206
633 40.981332 -73.776559
634 40.898659 -73.777816
635 40.948404 -73.792652
636 40.908951 -73.781793
637 40.907937 -73.790243
638 40.901575 -73.788215
639 40.926788 -73.786573
640 40.901529 -73.79307
641 40.91187 -73.765004
642 40.923503 -73.78799
643 40.920373 -73.765254
644 40.920074 -73.765639
645 40.918923 -73.767192
646 40.919187 -73.776954
647 40.918026 -73.768325
648 40.917667 -73.768717
649 40.917386 -73.769156
650 40.917223 -73.769393
651 40.920273 -73.764712
652 40.919519 -73.765472
653 40.915215 -73.770266
654 40.914778 -73.778465
655 40.913587 -73.774279
656 40.913215 -73.777467
657 40.898141 -73.792325
658 40.903131 -73.78884
659 40.905686 -73.786071
660 40.906448 -73.78648
661 40.901921 -73.792498
662 40.913865 -73.784376
663 40.91656 -73.778768
664 40.915422 -73.771609
665 40.915042 -73.785068
666 40.914951 -73.785038
667 40.908503 -73.782479
668 40.908167 -73.782047
669 40.908184 -73.782367
670 40.909089 -73.780969
671 40.946906 -73.795167
672 40.917151 -73.785805
673 40.909423 -73.781079
674 40.908622 -73.782943
675 40.908436 -73.782529
676 40.908592 -73.781721
677 40.90902 -73.780296
678 40.908383 -73.784649
679 40.907222 -73.78435
680 40.914866 -73.772442
681 40.920184 -73.764778
682 40.909919 -73.780552
683 40.908017 -73.783152
684 40.90821 -73.78305
685 40.917168 -73.785153
686 40.915175 -73.78506
687 40.909284 -73.780685
688 40.919556 -73.786916
689 40.897553 -73.795871
690 40.902578 -73.790021
691 40.905805 -73.785797
692 40.910235 -73.796909
693 40.910802 -73.779779
694 40.90914 -73.780908
695 40.919659 -73.788298
696 40.902757 -73.789888
697 40.894949 -73.788331
698 40.911027 -73.779937
699 40.909366 -73.779914
700 40.905959 -73.792493
701 40.912904 -73.774753
702 40.899471 -73.792545
703 40.984888 -73.777845
704 40.922027 -73.787849
705 40.908645 -73.783428
706 40.90756 -73.783892
707 40.910589 -73.792601
708 40.984901 -73.777715
709 40.915002 -73.78509
710 40.895778 -73.77879
711 40.905157 -73.788894
712 40.909214 -73.795027
713 40.909663 -73.79069
714 40.917925 -73.786671
715 40.907228 -73.793938
716 40.914058 -73.784448
717 40.902752 -73.789328
718 40.92197 -73.772604
719 40.896993 -73.796139
720 40.914233 -73.784081
721 40.910374 -73.781007
722 40.910436 -73.782319
723 40.927725 -73.778283
724 40.984749 -73.777744
725 40.906043 -73.777833
726 40.909562 -73.796401
727 40.910484 -73.781657
728 40.909209 -73.78052
729 40.920998 -73.787889
730 40.908087 -73.781179
731 40.914584 -73.77319
732 40.917638 -73.785481
733 40.914177 -73.78275
734 40.912701 -73.792605
735 40.914624 -73.772759
736 40.909187 -73.794435
737 40.980354 -73.776549
738 40.921387 -73.788
739 40.914315 -73.773646
740 40.913973 -73.784439
741 40.946788 -73.794301
742 40.914806 -73.784921
743 40.911765 -73.782306
744 40.908923 -73.781893
745 40.909787 -73.780905
746 40.906024 -73.785372
747 40.908283 -73.784621
748 40.902177 -73.791579
749 40.947442 -73.794188
750 40.922198 -73.773541
751 40.916327 -73.779128
752 40.912137 -73.7901
753 40.924081 -73.787357
754 40.919236 -73.76614
755 40.913873 -73.77646
756 40.915593 -73.784572
757 40.912235 -73.775118
758 40.897792 -73.792985
759 40.896427 -73.778535
760 40.90363 -73.788582
761 40.904487 -73.787622
762 40.906394 -73.785745
763 40.914656 -73.794007
764 40.910604 -73.792234
765 40.919799 -73.788882
766 40.948384 -73.793129
767 40.979968 -73.776318
768 40.911422 -73.784165
769 40.929488 -73.767794
770 40.922123 -73.772421
771 40.911931 -73.782132
772 40.92975 -73.76988
773 40.928221 -73.769538
774 40.927253 -73.773204
775 40.903057 -73.790895
776 40.898869 -73.794711
777 40.947319 -73.795296
778 40.916098 -73.770407
779 40.985008 -73.777366
780 40.946648 -73.794581
781 40.91156 -73.781767
782 40.928459 -73.789965
783 40.92454 -73.789503
784 40.925131 -73.787458
785 40.909758 -73.782588
786 40.901462 -73.780993
787 40.891115 -73.778075
788 40.912227 -73.78398
789 40.946309 -73.795242
790 40.923124 -73.787939
791 40.920883 -73.78749
792 40.914867 -73.772523
793 40.916828 -73.769696
794 40.914798 -73.784566
795 40.909619 -73.780089
796 40.906152 -73.777183
797 40.910285 -73.780943
798 40.910754 -73.782012
799 40.904753 -73.787523
800 40.907701 -73.780816
801 40.909122 -73.784155
802 40.920914 -73.787056
803 40.918636 -73.76695
804 40.914146 -73.784567
805 40.907616 -73.775982
806 40.920957 -73.786958
807 40.926301 -73.804716
808 40.946922 -73.794352
809 40.906778 -73.777702
810 40.904145 -73.788555
811 40.985405 -73.776862
812 40.947886 -73.794221
813 40.946941 -73.795224
814 40.94656 -73.795307
815 40.946665 -73.795907
816 40.921876 -73.787745
817 40.905836 -73.774138
818 40.910755 -73.780632
819 40.911393 -73.782915
820 40.897116 -73.778018
821 40.901604 -73.791575
822 40.910148 -73.796748
823 40.911041 -73.782214
824 40.906562 -73.778412
825 40.948292 -73.793243
826 40.914426 -73.782055
827 40.946392 -73.795282
828 40.904252 -73.79085
829 40.921028 -73.787141
830 40.908934 -73.781768
831 40.911495 -73.777794
832 40.914234 -73.784615
833 40.905267 -73.787497
834 40.908342 -73.781877
835 40.914273 -73.779573
836 40.912841 -73.781237
837 40.928607 -73.770396
838 40.909982 -73.780678
839 40.925705 -73.788064
840 40.91994 -73.789489
841 40.935698 -73.770264
842 40.983808 -73.780338
843 40.914231 -73.774029
844 40.926033 -73.797956
845 40.919965 -73.789251
846 40.924246 -73.792772
847 40.924062 -73.795565
848 40.978562 -73.781778
849 40.91003 -73.780627
850 40.909866 -73.780525
851 40.910086 -73.79007
852 40.909845 -73.789528
853 40.916235 -73.770263
854 40.907371 -73.784238
855 40.906126 -73.789661
856 40.904774 -73.787918
857 40.908434 -73.781935
858 40.908219 -73.7821
859 40.90818 -73.782158
860 40.90809 -73.782371
861 40.907768 -73.783581
862 40.90775 -73.783636
863 40.907694 -73.783754
864 40.906938 -73.780889
865 40.908464 -73.784513
866 40.908886 -73.784111
867 40.910959 -73.781342
868 40.925679 -73.772749
869 40.924749 -73.787165
870 40.933491 -73.770786
871 40.930394 -73.784694
872 40.909594 -73.778844
873 40.9788 -73.779756
874 40.915163 -73.788747
875 40.91202 -73.786276
876 40.910898 -73.782084
877 40.91093 -73.792512
878 40.968599 -73.780235
879 40.969142 -73.785776
880 40.983131 -73.779421
881 40.986901 -73.784972
882 40.919236 -73.786842
883 40.929036 -73.767841