Building type	Coordinates (latitude)	Coordinates (longitude)	Number of employees	Number of students/residence	School type
M	40.894162	-73.789744	5		
M	40.894722	-73.779156	8		
M	40.905115	-73.79072	15		
Q	40.928862	-73.783676	3		
Q	40.897888	-73.766866	3		
Q	40.958198	-73.781621	1		
Q	40.913918	-73.773647	1		
Q	40.890846	-73.782248	1		
Q	40.896689	-73.793072	1		
Q	40.911366	-73.799703	1		
Q	40.899831	-73.781306	1		
Q	40.943504	-73.797065	1		
Q	40.935329	-73.806833	1		
Q	40.928882	-73.773259	1		
Q	40.924929	-73.788023	1		
Q	40.9187	-73.773814	1		
Q	40.887169	-73.782266	1		
Q	40.89664	-73.771495	1		
Q	40.902835	-73.773447	1		
Q	40.907179	-73.773281	1		
Q	40.90783	-73.769263	1		
Q	40.902602	-73.795788	1		
Q	40.916414	-73.789466	1		
Q	40.964066	-73.78042	2		
Q	40.927946	-73.790052	3		
Q	40.977542	-73.778801	3		
Q	40.949959	-73.773118	3		
Q	40.935052	-73.790933	3		
Q	40.948713	-73.778808	3		
Q	40.926884	-73.785532	3		
Q	40.929697	-73.772256	3		
Q	40.938286	-73.79066	3		
Q	40.924098	-73.776094	3		
AA	40.909571	-73.792891	105	204	
AA	40.894725	-73.781787	130	100	
AA	40.929115	-73.788614	60	40	
AA	40.914591	-73.786576	80	200	
CC	40.914576	-73.78614	70		
AA	40.916863	-73.788682	120	200	
X	40.903656	-73.782366	120		
CC	40.946953	-73.795552	40		
CC	40.899493	-73.78714	40		
CC	40.91311	-73.79091	35		
CC	40.909354	-73.78192	31		
CC	40.909443	-73.781155	75		
CC	40.921084	-73.78881	130		
CC	40.925872	-73.80464	75		
CC	40.912636	-73.789955	75		
CC	40.948263	-73.792664	75		
CC	40.910137	-73.779997	75		
CC	40.948341	-73.792378	75		
CC	40.948226	-73.792792	75		
CC	40.916659	-73.784378	75		
CC	40.924379	-73.791593	130		
CC	40.912082	-73.78941	75		
CC	40.898301	-73.781255	75		
F	40.948413	-73.780721	174	1232	middle
F	40.910044	-73.798555	115	802	primary
F	40.918268	-73.798032	90	497	primary
F	40.973972	-73.785149	115	734	primary
F	40.932665	-73.773371	90	479	daycare
F	40.924352	-73.788585	86	120	college
F	40.965715	-73.787844	70	180	daycare,middle
F	40.963727	-73.793215	140	960	daycare,high
F	40.902364	-73.778153	140	1128	middle
F	40.897289	-73.790294	90	555	primary
F	40.911938	-73.776361	350	120	college
F	40.929742	-73.794612	340	3331	high
F	40.924213	-73.791494	70	167	primary,middle
F	40.894181	-73.789759	55	74	daycare
F	40.91684	-73.768381	90	528	high
F	40.906909	-73.784088	80	275	primary,high
F	40.918466	-73.79772	55	102	daycare,middle
F	40.954113	-73.783292	70	174	daycare,middle
F	40.949076	-73.797313	115	780	middle,high
F	40.903001	-73.774209	140	817	primary
F	40.955691	-73.783837	140	1035	primary
F	40.927529	-73.793296	125	50	daycare
F	40.944417	-73.795559	72	50	daycare
F	40.909514	-73.780025	72	50	daycare
F	40.916343	-73.793273	72	50	daycare
F	40.910844	-73.788063	72	50	daycare
F	40.920685	-73.793291	72	50	daycare
CC	40.936526	-73.782294	125		
F	40.932761	-73.773337	125	50	daycare
F	40.965502	-73.78039	72	20	daycare
F	40.954496	-73.796209	72	100	daycare
F	40.916165	-73.792763	72	100	daycare
F	40.943004	-73.795168	72	100	daycare
F	40.917268	-73.79004	125	100	daycare
F	40.930416	-73.784714	125	100	daycare
F	40.931144	-73.794002	72	50	daycare
F	40.940767	-73.794643	125	50	daycare
CC	40.912032	-73.786946	50		
H	40.912912	-73.787528	2206	150	
CC	40.948736	-73.792385	20		
CC	40.913517	-73.781407	20		
M	40.90815	-73.772223	45		
M	40.911718	-73.780401	45		
M	40.911075	-73.780885	45		
M	40.907307	-73.784232	45		
M	40.929298	-73.767305	45		
M	40.980705	-73.776456	45		
M	40.921198	-73.787202	60		
M	40.909106	-73.771118	45		
C	40.983686	-73.787208	5		
EE	40.948051	-73.793494	30		
EE	40.911237	-73.778515	30		
K	40.981774	-73.776626	13		
K	40.947019	-73.795547	13		
K	40.984533	-73.777602	13		
K	40.980293	-73.776627	13		
K	40.914796	-73.772764	13		
K	40.906818	-73.78319	13		
K	40.947598	-73.794343	13		
K	40.908964	-73.795428	13		
K	40.909522	-73.794949	13		
K	40.909417	-73.794058	13		
K	40.908723	-73.78805	13		
K	40.910596	-73.781706	13		
K	40.910597	-73.782457	13		
K	40.90867	-73.783054	13		
K	40.908924	-73.782603	13		
K	40.902787	-73.789828	13		
K	40.906615	-73.784694	13		
K	40.906507	-73.784774	13		
K	40.909182	-73.783997	13		
K	40.908546	-73.783279	13		
K	40.906526	-73.773902	13		
K	40.946451	-73.795318	13		
K	40.945738	-73.795087	13		
K	40.904233	-73.788491	13		
K	40.910631	-73.780994	13		
K	40.9073	-73.782611	13		
K	40.927265	-73.789467	13		
K	40.918687	-73.777273	13		
K	40.915366	-73.771719	13		
K	40.914754	-73.78492	13		
K	40.911312	-73.780138	13		
K	40.985085	-73.777172	13		
K	40.980541	-73.77657	13		
K	40.948822	-73.792245	13		
K	40.927325	-73.789516	13		
K	40.923627	-73.787942	13		
K	40.918066	-73.786431	13		
K	40.914352	-73.773566	13		
K	40.91494	-73.784621	13		
K	40.910608	-73.78173	13		
K	40.904429	-73.788315	13		
K	40.909424	-73.795075	13		
K	40.911641	-73.777462	13		
K	40.907448	-73.779274	13		
K	40.907115	-73.784627	13		
K	40.903603	-73.78913	13		
K	40.947308	-73.79411	13		
K	40.917668	-73.787975	13		
K	40.922428	-73.787848	13		
K	40.921868	-73.787838	13		
K	40.915537	-73.785139	13		
K	40.915116	-73.785062	13		
K	40.914697	-73.78491	13		
K	40.898434	-73.790625	13		
K	40.89594	-73.778747	13		
K	40.902263	-73.790637	13		
K	40.902092	-73.789081	13		
K	40.902088	-73.789103	13		
K	40.907091	-73.780646	13		
K	40.909403	-73.78061	13		
K	40.907929	-73.779456	13		
K	40.903353	-73.789417	13		
K	40.898868	-73.798946	13		
K	40.911254	-73.796658	13		
K	40.910046	-73.795922	13		
K	40.909521	-73.79455	13		
K	40.914193	-73.794383	13		
K	40.914307	-73.793871	13		
K	40.909685	-73.790401	13		
K	40.924574	-73.787794	13		
K	40.925588	-73.788855	13		
K	40.911175	-73.780797	13		
K	40.8972	-73.777665	13		
K	40.900894	-73.792978	13		
K	40.910343	-73.779037	13		
K	40.925329	-73.788671	13		
K	40.912827	-73.775735	13		
K	40.912972	-73.776599	13		
K	40.910874	-73.780086	13		
K	40.913607	-73.773704	13		
K	40.914423	-73.773272	13		
K	40.909948	-73.788889	13		
K	40.914605	-73.784472	13		
K	40.907541	-73.784306	13		
K	40.915342	-73.771781	13		
K	40.948796	-73.792295	13		
K	40.946712	-73.794496	13		
K	40.914927	-73.772354	13		
K	40.914257	-73.79382	13		
K	40.910169	-73.793342	13		
K	40.908835	-73.783607	13		
K	40.895967	-73.778685	13		
K	40.898774	-73.777926	13		
K	40.906898	-73.783336	13		
K	40.908928	-73.784332	13		
K	40.908682	-73.783486	13		
K	40.948643	-73.792554	13		
K	40.926861	-73.789492	13		
K	40.915494	-73.771465	13		
K	40.915777	-73.770801	13		
K	40.919327	-73.766552	13		
K	40.915363	-73.771649	13		
K	40.916259	-73.785371	13		
K	40.910321	-73.780992	13		
K	40.984595	-73.777632	13		
K	40.946057	-73.795203	13		
K	40.907286	-73.784417	13		
K	40.918929	-73.786846	13		
K	40.908935	-73.781289	13		
K	40.94679	-73.795593	13		
K	40.899047	-73.798466	13		
K	40.926093	-73.7891	13		
K	40.914304	-73.784111	13		
K	40.946916	-73.795466	13		
K	40.915259	-73.78511	13		
K	40.909335	-73.781206	13		
K	40.909089	-73.781575	13		
K	40.901544	-73.78874	13		
K	40.90619	-73.784906	13		
K	40.908273	-73.781826	13		
K	40.908535	-73.784483	13		
K	40.907678	-73.78383	13		
K	40.907774	-73.784097	13		
K	40.905107	-73.787567	13		
K	40.907222	-73.784471	13		
K	40.903145	-73.789765	13		
K	40.909038	-73.795888	13		
K	40.908934	-73.795868	13		
K	40.90933	-73.794171	13		
K	40.9229	-73.787535	13		
K	40.908116	-73.779603	13		
K	40.908359	-73.783083	13		
K	40.907168	-73.784538	13		
K	40.90689	-73.785005	13		
K	40.947734	-73.794375	13		
K	40.94701	-73.79554	13		
K	40.945743	-73.795896	13		
K	40.923292	-73.787965	13		
K	40.921426	-73.788118	13		
K	40.920688	-73.787288	13		
K	40.915109	-73.772105	13		
K	40.914391	-73.773675	13		
K	40.914561	-73.784385	13		
K	40.908534	-73.779434	13		
K	40.905284	-73.774659	13		
K	40.91055	-73.781112	13		
K	40.909331	-73.781293	13		
K	40.897131	-73.777773	13		
K	40.901805	-73.790967	13		
K	40.900093	-73.787009	13		
K	40.906019	-73.785574	13		
K	40.906734	-73.785175	13		
K	40.909561	-73.798323	13		
K	40.984547	-73.777838	13		
K	40.927356	-73.789658	13		
K	40.911111	-73.781066	13		
K	40.925709	-73.788873	13		
K	40.922985	-73.788014	13		
K	40.922904	-73.788083	13		
K	40.922541	-73.788309	13		
K	40.920932	-73.787578	13		
K	40.920604	-73.787226	13		
K	40.920356	-73.787224	13		
K	40.914317	-73.77379	13		
K	40.912275	-73.781783	13		
K	40.911153	-73.780271	13		
K	40.911043	-73.781051	13		
K	40.888744	-73.789697	13		
K	40.91073	-73.77818	13		
K	40.910738	-73.782389	13		
K	40.909159	-73.781644	13		
K	40.908599	-73.782307	13		
K	40.908827	-73.782703	13		
K	40.896173	-73.778468	13		
K	40.8987	-73.777921	13		
K	40.905605	-73.786124	13		
K	40.907907	-73.782241	13		
K	40.914404	-73.794386	13		
K	40.910115	-73.790056	13		
K	40.910118	-73.789828	13		
K	40.909644	-73.791167	13		
K	40.909892	-73.789018	13		
K	40.910478	-73.781061	13		
K	40.926901	-73.789375	13		
K	40.984299	-73.777016	13		
K	40.908353	-73.782675	13		
K	40.94887	-73.792183	13		
K	40.914393	-73.773627	13		
K	40.905708	-73.774299	13		
K	40.91583	-73.784834	13		
K	40.911031	-73.781594	13		
K	40.92356	-73.787915	13		
K	40.91504	-73.772314	13		
K	40.907374	-73.784171	13		
K	40.896291	-73.778307	13		
K	40.981429	-73.776478	13		
K	40.947238	-73.794127	13		
K	40.915112	-73.772025	13		
K	40.90733	-73.779184	13		
K	40.908747	-73.782453	13		
K	40.921334	-73.788007	13		
K	40.984343	-73.777544	13		
K	40.923066	-73.788003	13		
K	40.914208	-73.78411	13		
M	40.900549	-73.781022	15		
M	40.981489	-73.77662	15		
M	40.904145	-73.787856	15		
M	40.94688	-73.795497	15		
M	40.946182	-73.795235	15		
M	40.911448	-73.7871	15		
M	40.908299	-73.782167	15		
M	40.914631	-73.782718	15		
M	40.905964	-73.789532	15		
M	40.909463	-73.779987	15		
M	40.919819	-73.787033	15		
M	40.887217	-73.779456	15		
M	40.912738	-73.783124	15		
M	40.907764	-73.779257	15		
M	40.910477	-73.782066	15		
M	40.911939	-73.779494	15		
M	40.914411	-73.777012	15		
M	40.927801	-73.774244	15		
M	40.909854	-73.780348	15		
M	40.908942	-73.791651	15		
M	40.9171	-73.756205	15		
M	40.910853	-73.796551	15		
M	40.902696	-73.789958	15		
M	40.903289	-73.78947	15		
M	40.922843	-73.787735	15		
M	40.92215	-73.787863	15		
M	40.911112	-73.779414	15		
M	40.894659	-73.774209	15		
M	40.88919	-73.784662	15		
M	40.894728	-73.776097	15		
M	40.91569	-73.788865	21		
N	40.926546	-73.784922	15		
N	40.907735	-73.782421	15		
N	40.916288	-73.784648	15		
N	40.985183	-73.776664	15		
N	40.981764	-73.776482	15		
N	40.925815	-73.788899	15		
N	40.921795	-73.788216	15		
N	40.928096	-73.771761	15		
N	40.913332	-73.786126	15		
N	40.910858	-73.779204	15		
N	40.947032	-73.794203	15		
N	40.908434	-73.782782	15		
N	40.946984	-73.794242	15		
N	40.916277	-73.770134	15		
N	40.920547	-73.788365	32		
N	40.906086	-73.78524	15		
N	40.907968	-73.782278	15		
N	40.904971	-73.787698	15		
N	40.94629	-73.79508	15		
N	40.909727	-73.780995	15		
N	40.900354	-73.79382	15		
N	40.917756	-73.776937	15		
S	40.908985	-73.78423	13		
S	40.908608	-73.783338	13		
S	40.917519	-73.786216	13		
S	40.98081	-73.776589	13		
S	40.94675	-73.794459	13		
S	40.923749	-73.787978	13		
S	40.918122	-73.767723	13		
S	40.914411	-73.784093	13		
S	40.902455	-73.79144	13		
S	40.947441	-73.795372	13		
S	40.984501	-73.776905	13		
S	40.926714	-73.789322	13		
S	40.926409	-73.786381	13		
S	40.921938	-73.773674	13		
S	40.945836	-73.795834	13		
T	40.983029	-73.778169	80		
T	40.934848	-73.791491	80		
T	40.899938	-73.790808	80		
Y	40.943599	-73.793034	40		
Z	40.908001	-73.785711	80		
Z	40.934536	-73.791091	80		
Z	40.914562	-73.794574	80		
Z	40.931499	-73.793179	80		
Z	40.972727	-73.777141	80		
L	40.922815	-73.788113	14		
L	40.918178	-73.786366	12		
L	40.915059	-73.772227	12		
L	40.914333	-73.784251	12		
L	40.91289	-73.783185	12		
L	40.907573	-73.782472	12		
L	40.907617	-73.784283	12		
L	40.914585	-73.794633	12		
L	40.910156	-73.789535	11		
L	40.984669	-73.777698	11		
L	40.947515	-73.794306	11		
L	40.946776	-73.7944	11		
L	40.947234	-73.795314	11		
L	40.946634	-73.795411	11		
L	40.985104	-73.776814	11		
L	40.946833	-73.794446	11		
L	40.981234	-73.77654	11		
L	40.980638	-73.776496	11		
L	40.946479	-73.795094	11		
L	40.917509	-73.788672	11		
L	40.921913	-73.788249	11		
L	40.915534	-73.771573	11		
L	40.915404	-73.771647	11		
L	40.914784	-73.772682	11		
L	40.914579	-73.772748	11		
L	40.916675	-73.769736	11		
L	40.915443	-73.785346	11		
L	40.915365	-73.78517	11		
L	40.910254	-73.780902	11		
L	40.909957	-73.78034	11		
L	40.910352	-73.782442	11		
L	40.90889	-73.781824	11		
L	40.908518	-73.782871	11		
L	40.908562	-73.782411	11		
L	40.897071	-73.777792	11		
L	40.89891	-73.777819	11		
L	40.900997	-73.788205	11		
L	40.906139	-73.785501	11		
L	40.906146	-73.777922	11		
L	40.907359	-73.778881	11		
L	40.906392	-73.785068	11		
L	40.906838	-73.781725	11		
L	40.909057	-73.781063	11		
L	40.908215	-73.784511	11		
L	40.908425	-73.783153	11		
L	40.907458	-73.784231	11		
L	40.904763	-73.787995	11		
L	40.909492	-73.794736	11		
L	40.914998	-73.794853	11		
L	40.914684	-73.794703	11		
L	40.914482	-73.793798	11		
L	40.910276	-73.789162	11		
M	40.922738	-73.787759	15		
M	40.917915	-73.767917	15		
M	40.910584	-73.796726	21		
M	40.929144	-73.770532	21		
M	40.920839	-73.787365	21		
M	40.91498	-73.772348	21		
M	40.905465	-73.783184	21		
M	40.918697	-73.788073	21		
M	40.921987	-73.788319	21		
M	40.91436	-73.773398	21		
M	40.914897	-73.784594	21		
M	40.889328	-73.789154	21		
M	40.898859	-73.777898	21		
M	40.90817	-73.782247	21		
M	40.902899	-73.790675	21		
M	40.909377	-73.795563	21		
M	40.909408	-73.793631	21		
M	40.90697	-73.780548	21		
M	40.914797	-73.77257	21		
M	40.98048	-73.776521	20		
M	40.898631	-73.777952	20		
M	40.946623	-73.79529	20		
M	40.906189	-73.789771	20		
M	40.908018	-73.789877	20		
M	40.946623	-73.795163	20		
M	40.906732	-73.779694	20		
V	40.967071	-73.789146	11		
V	40.903952	-73.796923	15		
V	40.915453	-73.788605	16		
V	40.954156	-73.797837	22		
V	40.91881	-73.796635	22		
V	40.917358	-73.791571	22		
V	40.920157	-73.787152	22		
V	40.918203	-73.786448	22		
V	40.929371	-73.76958	22		
V	40.930092	-73.767486	22		
V	40.91994	-73.780755	22		
V	40.918454	-73.77198	22		
V	40.914362	-73.784951	22		
V	40.913834	-73.786496	22		
V	40.909383	-73.780092	22		
V	40.909198	-73.779711	22		
V	40.90736	-73.777976	22		
V	40.906219	-73.785349	22		
V	40.907052	-73.779471	22		
V	40.908742	-73.781369	22		
V	40.907042	-73.785793	22		
V	40.903238	-73.789628	22		
V	40.90949	-73.797519	22		
V	40.916538	-73.790709	22		
V	40.915329	-73.794034	22		
V	40.909903	-73.791768	22		
V	40.911501	-73.78652	22		
V	40.908298	-73.789866	22		
V	40.932086	-73.781262	22		
V	40.927087	-73.794092	22		
V	40.921953	-73.799697	22		
V	40.916816	-73.794505	22		
V	40.91738	-73.789354	22		
V	40.917915	-73.786935	22		
V	40.918526	-73.785585	22		
V	40.917323	-73.785844	22		
V	40.909447	-73.784528	22		
V	40.904844	-73.785097	22		
V	40.905998	-73.783304	22		
V	40.923964	-73.791126	22		
V	40.914065	-73.785989	22		
V	40.972664	-73.775746	22		
V	40.893927	-73.787212	22		
V	40.918306	-73.786416	22		
V	40.943913	-73.795466	22		
V	40.915514	-73.767081	22		
V	40.975174	-73.775434	22		
V	40.972756	-73.774885	22		
V	40.964378	-73.782255	22		
V	40.941282	-73.793826	22		
V	40.905352	-73.776841	22		
V	40.946792	-73.797018	59		
M	40.92974	-73.767253	60		
M	40.927153	-73.770898	60		
M	40.927114	-73.779769	60		
M	40.913781	-73.78984	90		
X	40.920205	-73.785772	90		
X	40.919037	-73.786097	90		
X	40.916433	-73.785819	89		
X	40.913086	-73.779092	89		
X	40.971277	-73.776439	89		
X	40.912647	-73.778758	89		
X	40.898235	-73.786262	89		
X	40.909317	-73.791619	89		
X	40.927065	-73.789458	89		
X	40.91421	-73.768974	89		
X	40.908848	-73.784254	89		
X	40.911683	-73.782878	89		
X	40.922241	-73.787775	89		
X	40.916469	-73.785553	89		
X	40.914866	-73.781969	60		
M	40.903235	-73.791134	220		
M	40.906825	-73.788176	220		
M	40.920184	-73.788155	217		
M	40.930536	-73.767864	215		
M	40.926667	-73.772579	215		
M	40.916993	-73.760896	215		
M	40.902297	-73.792054	215		
M	40.904974	-73.792598	215		
M	40.929165	-73.76755	215		
M	40.909805	-73.795126	215		
M	40.904285	-73.788412	215		
M	40.903928	-73.790147	215		
M	40.907656	-73.789929	215		
M	40.920636	-73.775462	215		
M	40.906372	-73.795368	215		
GG	40.901124	-73.787792	74		
GG	40.905041	-73.78925	74		
GG	40.89855	-73.791584	74		
GG	40.919379	-73.788574	75		
GG	40.928812	-73.771336	75		
GG	40.907351	-73.785638	75		
GG	40.906271	-73.793624	75		
GG	40.919843	-73.788	75		
GG	40.916804	-73.780359	75		
GG	40.908307	-73.786135	75		
GG	40.926614	-73.771954	75		
M	40.914028	-73.776796	75		
M	40.927821	-73.771234	75		
M	40.930024	-73.767637	75		
M	40.92996	-73.769323	75		
M	40.92888	-73.769976	75		
M	40.910857	-73.781953	75		
M	40.909489	-73.791647	75		
M	40.92652	-73.773053	75		
M	40.903957	-73.788716	75		
M	40.921127	-73.788406	35		
M	40.921574	-73.788423	35		
M	40.920355	-73.787665	35		
M	40.928994	-73.770953	35		
M	40.928895	-73.769572	33		
M	40.928527	-73.769671	32		
M	40.927229	-73.772142	32		
M	40.926848	-73.773155	32		
M	40.912658	-73.774804	32		
M	40.91262	-73.775113	32		
M	40.899486	-73.794356	32		
M	40.907645	-73.778684	32		
M	40.903763	-73.789044	32		
M	40.910281	-73.796226	32		
M	40.928597	-73.76887	32		
M	40.928467	-73.770115	32		
M	40.925901	-73.772074	32		
M	40.917316	-73.785383	32		
M	40.908651	-73.772078	32		
M	40.893685	-73.782024	32		
M	40.907311	-73.792455	32		
M	40.904826	-73.788027	32		
M	40.923361	-73.772777	32		
M	40.981546	-73.776464	32		
M	40.914477	-73.77308	32		
M	40.908628	-73.785779	32		
M	40.90631	-73.789353	32		
M	40.909981	-73.790739	32		
M	40.910169	-73.793342	32		
M	40.910276	-73.792427	32		
M	40.9244	-73.802541	32		
M	40.935973	-73.797379	32		
M	40.920981	-73.775278	32		
M	40.911876	-73.77459	32		
M	40.913848	-73.781084	32		
G	40.907556	-73.793925	20		
G	40.928299	-73.772585	20		
G	40.90936	-73.795456	20		
G	40.896262	-73.794481	20		
G	40.909229	-73.780779	20		
G	40.985049	-73.777677	20		
G	40.985274	-73.77762	20		
G	40.947175	-73.794114	20		
G	40.916803	-73.778658	20		
G	40.91377	-73.784276	20		
G	40.911327	-73.778226	20		
G	40.90517	-73.774879	20		
G	40.910034	-73.780185	20		
G	40.902397	-73.790198	20		
G	40.907905	-73.782692	20		
G	40.908464	-73.781974	20		
G	40.908159	-73.78245	20		
G	40.910166	-73.796992	20		
G	40.910468	-73.796325	20		
G	40.909872	-73.796216	20		
G	40.909156	-73.795344	20		
G	40.909413	-73.79512	20		
G	40.909711	-73.791054	20		
G	40.907479	-73.774873	20		
G	40.921818	-73.774194	20		
G	40.974376	-73.775376	20		
G	40.958705	-73.772963	20		
G	40.908591	-73.785239	20		
G	40.912499	-73.783671	20		
G	40.895399	-73.779054	20		
G	40.905718	-73.786159	20		
G	40.907647	-73.78235	20		
G	40.904924	-73.788227	20		
G	40.91818	-73.785804	20		
G	40.921232	-73.78806	40		
G	40.909197	-73.794785	20		
J	40.984215	-73.777575	30		
J	40.91328	-73.775265	30		
J	40.910164	-73.781354	30		
J	40.900891	-73.791849	30		
J	40.945946	-73.796271	30		
J	40.923256	-73.787414	30		
J	40.980441	-73.776539	30		
J	40.94767	-73.795358	31		
J	40.916862	-73.779154	28		
J	40.914893	-73.785043	28		
J	40.907872	-73.783348	28		
J	40.902728	-73.790335	28		
J	40.913246	-73.789436	28		
M	40.928872	-73.77173	17		
M	40.916662	-73.786653	17		
M	40.911226	-73.781415	17		
M	40.888464	-73.789413	17		
M	40.902591	-73.790685	17		
M	40.899345	-73.798131	17		
M	40.90598	-73.792665	17		
M	40.907844	-73.794989	17		
M	40.911478	-73.792031	17		
M	40.908625	-73.793985	17		
M	40.908627	-73.793958	17		
M	40.902002	-73.790857	17		
M	40.90783	-73.78358	17		
M	40.907677	-73.785531	17		
M	40.907815	-73.786299	17		
M	40.903379	-73.790024	17		
M	40.902432	-73.791206	17		
M	40.981332	-73.776559	17		
M	40.898659	-73.777816	17		
M	40.948404	-73.792652	17		
M	40.908951	-73.781793	17		
M	40.907937	-73.790243	17		
M	40.901575	-73.788215	17		
M	40.926788	-73.786573	34		
M	40.901529	-73.79307	17		
M	40.91187	-73.765004	17		
M	40.923503	-73.78799	17		
M	40.920373	-73.765254	17		
M	40.920074	-73.765639	17		
M	40.918923	-73.767192	17		
M	40.919187	-73.776954	17		
M	40.918026	-73.768325	17		
M	40.917667	-73.768717	17		
M	40.917386	-73.769156	17		
M	40.917223	-73.769393	17		
M	40.920273	-73.764712	17		
M	40.919519	-73.765472	17		
M	40.915215	-73.770266	17		
M	40.914778	-73.778465	17		
M	40.913587	-73.774279	17		
M	40.913215	-73.777467	17		
M	40.898141	-73.792325	17		
M	40.903131	-73.78884	17		
M	40.905686	-73.786071	17		
M	40.906448	-73.78648	17		
M	40.901921	-73.792498	17		
M	40.913865	-73.784376	17		
M	40.91656	-73.778768	17		
M	40.915422	-73.771609	17		
M	40.915042	-73.785068	17		
M	40.914951	-73.785038	17		
M	40.908503	-73.782479	17		
M	40.908167	-73.782047	17		
M	40.908184	-73.782367	17		
M	40.909089	-73.780969	17		
M	40.946906	-73.795167	17		
M	40.917151	-73.785805	17		
M	40.909423	-73.781079	17		
M	40.908622	-73.782943	17		
M	40.908436	-73.782529	17		
M	40.908592	-73.781721	17		
M	40.90902	-73.780296	17		
M	40.908383	-73.784649	17		
M	40.907222	-73.78435	17		
M	40.914866	-73.772442	17		
M	40.920184	-73.764778	17		
M	40.909919	-73.780552	17		
M	40.908017	-73.783152	17		
M	40.90821	-73.78305	34		
M	40.917168	-73.785153	17		
M	40.915175	-73.78506	17		
M	40.909284	-73.780685	17		
M	40.919556	-73.786916	34		
M	40.897553	-73.795871	17		
M	40.902578	-73.790021	17		
M	40.905805	-73.785797	17		
M	40.910235	-73.796909	17		
M	40.910802	-73.779779	17		
M	40.90914	-73.780908	17		
M	40.919659	-73.788298	17		
M	40.902757	-73.789888	17		
M	40.894949	-73.788331	17		
M	40.911027	-73.779937	17		
M	40.909366	-73.779914	17		
M	40.905959	-73.792493	17		
M	40.912904	-73.774753	17		
M	40.899471	-73.792545	17		
M	40.984888	-73.777845	17		
M	40.922027	-73.787849	17		
M	40.908645	-73.783428	17		
M	40.90756	-73.783892	17		
M	40.910589	-73.792601	17		
M	40.984901	-73.777715	18		
M	40.915002	-73.78509	17		
M	40.895778	-73.77879	17		
M	40.905157	-73.788894	17		
M	40.909214	-73.795027	17		
M	40.909663	-73.79069	17		
M	40.917925	-73.786671	17		
M	40.907228	-73.793938	17		
M	40.914058	-73.784448	17		
M	40.902752	-73.789328	17		
M	40.92197	-73.772604	17		
M	40.896993	-73.796139	17		
M	40.914233	-73.784081	17		
M	40.910374	-73.781007	17		
M	40.910436	-73.782319	17		
M	40.927725	-73.778283	17		
M	40.984749	-73.777744	17		
M	40.906043	-73.777833	17		
M	40.909562	-73.796401	17		
M	40.910484	-73.781657	17		
M	40.909209	-73.78052	17		
M	40.920998	-73.787889	17		
M	40.908087	-73.781179	17		
M	40.914584	-73.77319	17		
M	40.917638	-73.785481	17		
M	40.914177	-73.78275	17		
M	40.912701	-73.792605	17		
M	40.914624	-73.772759	17		
M	40.909187	-73.794435	17		
M	40.980354	-73.776549	17		
M	40.921387	-73.788	17		
M	40.914315	-73.773646	17		
M	40.913973	-73.784439	17		
M	40.946788	-73.794301	17		
M	40.914806	-73.784921	17		
M	40.911765	-73.782306	17		
M	40.908923	-73.781893	17		
M	40.909787	-73.780905	17		
M	40.906024	-73.785372	17		
M	40.908283	-73.784621	17		
M	40.902177	-73.791579	17		
M	40.947442	-73.794188	17		
M	40.922198	-73.773541	17		
M	40.916327	-73.779128	17		
M	40.912137	-73.7901	17		
U	40.924081	-73.787357	12		
U	40.919236	-73.76614	12		
U	40.913873	-73.77646	12		
U	40.915593	-73.784572	12		
U	40.912235	-73.775118	12		
U	40.897792	-73.792985	12		
U	40.896427	-73.778535	12		
U	40.90363	-73.788582	12		
U	40.904487	-73.787622	12		
U	40.906394	-73.785745	12		
U	40.914656	-73.794007	12		
U	40.910604	-73.792234	12		
U	40.919799	-73.788882	12		
U	40.948384	-73.793129	12		
U	40.979968	-73.776318	12		
HH	40.911422	-73.784165	219		
M	40.929488	-73.767794	219		
M	40.922123	-73.772421	219		
M	40.911931	-73.782132	80		
M	40.92975	-73.76988	80		
M	40.928221	-73.769538	80		
M	40.927253	-73.773204	80		
M	40.903057	-73.790895	80		
M	40.898869	-73.794711	80		
M	40.947319	-73.795296	80		
M	40.916098	-73.770407	80		
P	40.985008	-73.777366	80		
P	40.946648	-73.794581	80		
P	40.91156	-73.781767	80		
E	40.928459	-73.789965	226		
E	40.92454	-73.789503	226		
E	40.925131	-73.787458	227		
E	40.909758	-73.782588	227		
E	40.901462	-73.780993	227		
M	40.891115	-73.778075	84		
M	40.912227	-73.78398	84		
M	40.946309	-73.795242	85		
M	40.923124	-73.787939	85		
M	40.920883	-73.78749	85		
M	40.914867	-73.772523	85		
M	40.916828	-73.769696	85		
M	40.914798	-73.784566	85		
M	40.909619	-73.780089	85		
M	40.906152	-73.777183	84		
M	40.910285	-73.780943	84		
M	40.910754	-73.782012	84		
M	40.904753	-73.787523	84		
M	40.907701	-73.780816	84		
M	40.909122	-73.784155	84		
M	40.920914	-73.787056	84		
M	40.918636	-73.76695	84		
M	40.914146	-73.784567	84		
M	40.907616	-73.775982	84		
M	40.920957	-73.786958	84		
M	40.926301	-73.804716	84		
M	40.946922	-73.794352	84		
M	40.906778	-73.777702	84		
M	40.904145	-73.788555	84		
R	40.985405	-73.776862	84		
R	40.947886	-73.794221	84		
R	40.946941	-73.795224	84		
R	40.94656	-73.795307	84		
R	40.946665	-73.795907	84		
R	40.921876	-73.787745	84		
R	40.905836	-73.774138	84		
R	40.910755	-73.780632	84		
R	40.911393	-73.782915	84		
R	40.897116	-73.778018	84		
R	40.901604	-73.791575	84		
R	40.910148	-73.796748	84		
R	40.911041	-73.782214	84		
DD	40.906562	-73.778412	100		
DD	40.948292	-73.793243	100		
DD	40.914426	-73.782055	100		
M	40.946392	-73.795282	200		
M	40.904252	-73.79085	260		
M	40.921028	-73.787141	100		
M	40.908934	-73.781768	100		
M	40.911495	-73.777794	100		
M	40.914234	-73.784615	500		
M	40.905267	-73.787497	500		
M	40.908342	-73.781877	100		
M	40.914273	-73.779573	800		
M	40.912841	-73.781237	1000		
M	40.928607	-73.770396	550		
M	40.909982	-73.780678	250		
M	40.925705	-73.788064	500		
F	40.923438	-73.78928	64	120	college
F	40.925832	-73.78655	80	120	college
F	40.926165	-73.787334	160	120	college
F	40.926258	-73.787756	160	120	college
F	40.925624	-73.787014	160	120	college
F	40.926628	-73.787214	240	120	college
F	40.900666	-73.78218	120	120	college
F	40.900922	-73.781939	100	120	college
F	40.901145	-73.781767	100	120	college
F	40.899478	-73.781059	100	120	college
F	40.901456	-73.782102	156	120	college
F	40.900951	-73.780464	150	120	college
F	40.927378	-73.784355	32	120	college
F	40.924471	-73.787577	32	120	college
F	40.92578	-73.7992	340	120	college
F	40.924282	-73.797666	450	120	college
F	40.923932	-73.790234	10	30	daycare
F	40.919266	-73.794384	10	30	daycare
F	40.920374	-73.79145	10	30	daycare
C	40.91994	-73.789489	10	30	daycare
C	40.935698	-73.770264	10		
C	40.983808	-73.780338	10		
C	40.914231	-73.774029	10		
C	40.926033	-73.797956	10		
C	40.919965	-73.789251	10		
C	40.924246	-73.792772	10		
C	40.924062	-73.795565	10		
C	40.978562	-73.781778	10		
C	40.91003	-73.780627	10		
C	40.909866	-73.780525	10		
C	40.910086	-73.79007	10		
C	40.909845	-73.789528	10		
C	40.916235	-73.770263	10		
C	40.907371	-73.784238	10		
C	40.906126	-73.789661	10		
C	40.904774	-73.787918	10		
C	40.908434	-73.781935	10		
C	40.908219	-73.7821	10		
C	40.90818	-73.782158	10		
C	40.90809	-73.782371	10		
C	40.907768	-73.783581	10		
C	40.90775	-73.783636	10		
C	40.907694	-73.783754	10		
C	40.906938	-73.780889	10		
C	40.908464	-73.784513	10		
C	40.908886	-73.784111	10		
C	40.910959	-73.781342	10		
C	40.925679	-73.772749	10		
C	40.924749	-73.787165	10		
C	40.933491	-73.770786	10		
C	40.930394	-73.784694	10		
C	40.909594	-73.778844	10		
C	40.9788	-73.779756	10		
M	40.915163	-73.788747	10		
M	40.91202	-73.786276	10		
M	40.910898	-73.782084	10		
M	40.91093	-73.792512	10		
C	40.968599	-73.780235	10		
C	40.969142	-73.785776	10		
C	40.983131	-73.779421	10		
C	40.986901	-73.784972	10		
C	40.919236	-73.786842	10		
C	40.929036	-73.767841	10		
